82179071721791350465
32285824080352797802
41690645288432257577
23821855540691611274
35429878044492385607
59815664664951559232
65861363968228472144
29827313844875771137
74495919464698070238
1058095173694620154
62098058869563242746
28782212762728849600
35900494614878401169
23148441076065310631
52429091700044303736
80154691069493501997
6834363019576135675
52353607975247252686
48030159397026088107
49829550679571266042
41447842717091172559
89183460908660976894
65083987667556177394
59149049684462755416
75011656485591168449
5589381521472690511
85227930501495640078
15669940110650746711
58908917380408162517
25468747419688320878
52022565076551968152
69242101949293212150
22073393275306143834
98320774478585815441
69887280015027130620
94104082162140331557
3203700668671558872
29087081746425740335
10362221287392540254
92669845109037397896
13702066852456368657
69418050434991394118
36694675534268706845
59995112754215305798
11685505967596869086
24765713864676355280
37019159217592162848
37473221178822762879
63354320863215778758
47686946286619576151
39487663084366109689
6187929213497630993
12764929089169633425
95142590406556758337
32958682784878819138
17137464082235607379
64321406751608570459
80413514513868516230
74082992263261840584
39811237117995401274
87677645641332915958
43585074489438015441
65482614993629978047
73539689837149490679
91668829764587798393
75247819728776579262
8878025656729183864
43034870126426039056
48542109423825688126
67900889275269605578
61367948332966735752
16664963580280065082
78668506254203536153
20693532493641019416
98129892647338427586
96756368982136657296
3282869566574871593
11231033773484815682
37131003571702410490
97329875728243034294
11815334362317988561
34710432903146698133
78892110189984375456
67592260039257027532
17505151094610692657
58883762081738081913
86467261225846508211
95336369098949822325
25703423333377925189
71213557295726238072
32918068305399329416
84221090754495364120
96231507542867597241
15367166965542991559
26745832161131981412
30562843904329033549
64949748753034698742
4398151097393949484
40481059861560148166
92420926180045503922
30884534086349676499
61260643446605342553
68979653621179269888
70556277762787687647
80496861879936770479
64334834239417342037
41274652902520453964
4456881717558219012
96906559079743403065
17919647733267320307
89018211066126188758
93620353602655101795
20395179436644591334
68842184350215307193
91461726591745395303
24934488022454870950
68901830404241525098
20371405433335726779
41068405695384731099
76383248637039653073
22339096884023242
59990918863649130668
68399205119240918950
88694169691263705154
82454767205240581219
50898299487064441121
28164336298274573184
19574552627956378288
74399925904786871716
49046981953891856788
75697760063695712594
8541904593364421781
59828024513606642251
10663209012970885953
18125863185132608574
87099820342570901368
33643255203446678142
93163595352608256159
81599723537154654860
2730418534216002645
96059980203891569614
34675980343102961404
24120746059040841286
20115370070297354293
90357751895364779712
8400317931562779681
52510004373091062457
80844159191426587885
11731520658744939074
57531188643907175573
30321472830985154367
96178789295736313686
54581650690284078970
59093146789665347056
75714042760507398792
18507271424003376647
5968553680320033072
83721142665832545189
28554571860373849010
67862610571315168829
17723888683820345867
29929900329237896462
43801274439477165300
360856860478775645
68575092143077861171
22766292089929873814
50552242510165663
96992230008999982381
57753721394908211326
86832018676982524099
55863865452994964330
97263450805286079013
87228041783858298513
37419907805145818963
93533758393173730779
24466368496388807627
9657619614972482519
22395053338126234238
86213026911883950755
57600172298433970528
44762752625488700704
36108311441460564246
22847901995475582412
77469063831532385435
50905915763734063750
41439231030271119690
9259224451696662205
40026104579386221739
17518837211569108291
93810722598293073169
99942657322437191873
83614922514015435449
76666540769082306068
43120294938626295076
34186307101143992112
64591173092147081010
16357129946412650118
16004781644577331266
36003841247779065779
85795670886778861581
7785057517008330889
87550236256010797881
42562014402718350007
98983897420697801357
18997289472515604177
95038023679080011460
80305389215632685053
92433380451897789914
64177866194322645863
47105951769450438281
19049314768606089425
97047990572713496904
77591384541410976407
37363497640181784199
99048114338904263168
73836386549897017486
70668301115957922515
43599843107925914645
57905168634990974377
63839948704803518607
86286546973060553420
22488587703531060886
97950932917512357725
36503681074973847649
26722973958106176531
35782975935223775636
39489700334208283952
74339518102307728959
20324567318164601876
78951051463910587989
13403292350165339109
46056275714236344214
31985142268214422487
87913591312172302366
37391260143413983936
41997079379708623965
23580192408983196320
50118167650866976984
45370914623988062371
44200709992630661231
89494693463879889659
57330136253526096935
36600411670830325823
66969274391108307451
94210879905455325574
83091070817844119501
93817626452539923768
95829924207316891977
62415766322531513751
89377350102901385606
73174189447396906949
66399762261799065312
96813446870081196327
36930710774765996354
82581363596096563951
47502733705615657086
76156653290301337544
30227606763186778776
38699753634232957605
57981013922400198897
77775544646483447123
31971894729980796526
37338984973389769884
21183589311515563031
19087972331338507374
65601684388668117427
11754933879331617987
42882489251685255425
87881890776579727857
55728800172220600298
24146200076567888033
31638258730216420776
4298903148114664646
91333217688278298279
50157148234879574120
69038175856388248047
51472460750769127741
1590256848240237562
94614165494735133754
96247702784406996973
21590085709693102750
18095534112515037431
33484981744487750
68257181520326005164
89600889741403838814
71695977956375095214
37618395912106765976
76058985652877888038
29778336384087041751
32362546894151474925
26861568135786031499
29535030097353540079
57054124205052202343
57966946076615247625
5052842179174903298
85449275413453122138
61994082767409042238
40054279666249781647
40460107358896479705
69399033349785584535
52411238627099674184
5283109923120928444
5341796132111607730
82682598078800195854
44918030407061596691
47956820950249928421
70795896532223298950
47182701235790545012
55847080683937770593
1823761144250146281
6250791543122346351
88042103095789026818
90459523234127569306
23688897980518574213
95777614780472730101
66382304820340005201
90048782370867420090
76591049535406320028
38586247382336804347
25255067628773893044
85253750588608379062
67666896525663296361
26880403243100495999
65519323824794529460
55204536780769624299
85768193716091888403
62066919189290436663
98525428199940243823
42155695509347502927
73443882732561662297
80633270233795612914
37324587051107029536
15426884091093585905
57196389717765137229
71014243617748374729
31591503704225136952
58194561166462139347
49717287259391529327
70050258852554431598
95290598775465702085
61503928303713745489
16940173547722328348
58419841084871816697
30355305610008827284
51583862947561305512
13806080333699867528
7037989230971573346
12479901665908129507
40092305411125763395
50420166162690390298
76607750292928035462
36059506323877215265
33044015417227677396
69467585683494045730
86017427913159209461
24501037739116557688
46889908628391106982
67562321796853270698
56083581548989212439
58585271903519881448
24120022744708613683
98719293310158717309
73006511768937877086
32091812291086019463
17986179345324785011
41844070716375861936
43901046939198376618
27070490532213560337
67910473310560492386
34729264194369044329
73326544300049663847
84794428780136496814
958322607886410863
71899988843079551319
28002300404541693882
22909297534597232501
93410996532007504555
89154016445577359813
69467161622501969320
9170742165185593656
82318400294494948776
1596100872095742965
5054699359336259447
39302143573551999306
46639667170906568414
78087820308203178422
31840717850715201058
63941329475255453375
47777054201255506251
97390380373899914996
3268524774185843300
98835504037779839644
58285894870422638585
63567937964843323452
7858166225891959176
18276060732274759119
5586840204400144183
54995097858126303438
57112372722683466030
63784638934724753659
84206391463645803867
16275394116296713418
62167271593415982257
28022859515328585459
50874160389482710458
98275433945906015015
72813762581482467845
83193828592766414587
58299700938073294823
93694085945295956729
24933369416022496128
13902067385759426000
61876092349997490147
99484653589064331368
50465029791363243617
85825717528583499958
94244490868550538789
90486895681861082562
52822890454926220231
68156872549694480163
22793735521293507204
78217127387082025051
80837268185574732980
54796329079667493759
4154261004768143916
93107791667708522576
61943408628468139386
64193540590993550818
16100213707153746485
61470814197575430588
47261090585012956229
65748774164335341763
36563804898006705803
42128222751977279843
68728892350141560740
37531939380350853021
98453692600050234975
28841689039163265565
25975594347269773698
48311506912383587662
51735347597626800602
96459847416919884144
35563391580075658074
18004975858506103803
79834505910089730936
93424907543898826476
99206406294664877431
26367705674756149051
10392113975840684524
2626726083904849331
84647831436395052080
1350158476044869390
9902769792762330266
66317586346158747190
55153858424698399609
19420414757370565573
58955122490376525833
7735002342101641933
11408653540943677624
60235481829861800870
54170929042573898858
12168794397709820145
61863093593896170373
14251375468985093246
15153959663757263921
67753583032412557927
59876857827403467312
46646140738891871932
44802246161071182719
27135148246084705747
4812999998491131584
2559051747171893790
68538452235059004250
1317223558212010822
53065389804365730972
32989530533194543636
45012157433029667341
74907328143054502948
5211677205504384362
28787980423256963248
68639314999796609117
69025293847410462296
26453343463467484046
15587973064581622592
29280700481808071388
20010620668557311976
265775807318547711
88346455708511505279
99850182125967015550
65960451064011286058
83316756788623076870
83248240533475204221
5380045487921171060
71166221100985601193
84462819297742004433
34594815864518667524
64075134773096617164
37193401331966508399
85394241902042391314
18664445908308815338
99173746046473788923
31409185595488016668
15992601014477432636
13007780207332354965
90773570609561696088
8668018545654386939
83498004144353690166
48590426884674226425
54835509915094896483
69563543648262825655
37370300282047369240
22473440022003086198
18893703535652181431
4096697151970729678
47869040616891138343
21609711349190373158
89742404606150454157
60144516275230683317
18500748628466863130
51789014845639406085
52104000579321516950
84651335670663464658
33249882535942477584
44720876893256731495
96319641803112806614
20349710801677283829
75604528812762748942
91711458778873342248
95332701066297471494
69951213934852256366
7397768362553036900
93063793549184449421
16051413795521275257
25189302686026042860
66681111706530219831
28324307384943672891
70401783712374618855
1082474911359653287
84834354166643995051
58791523386547576248
49882393294001846347
75565478119820293400
16292700974303821835
74350768405653684626
65407992371398564814
61852743677717035930
81881068355298226098
25557147306192134696
74902432621175334794
19255512936054751526
52236287864676257634
43296170732245994437
23339465886732059907
77993856988946428538
27718914926917990706
53950724247271755849
16553105671110665818
16952851204115319823
68436905156048205551
89209696161578842346
98749394619878335364
37123700957069258894
57406545015306698140
92087588410824924171
3342769416191376178
5159447655311774059
15702320598290658852
12564769635476836681
4651884019971351961
31259392633980828231
90343286499848169003
51742101064358566561
24636149389875179235
9214564548822828337
47102925734488878898
58319993917499562549
42882326232768223557
44840543341030437142
77418326097041825205
42818682729127179158
52828283285146497376
27552706118312113220
93788819951074280984
34907221798706696603
98137636107228240706
38420071554093490462
17047968192240815076
46425412805702635293
62207161143044544815
25053027810142003815
43143811314218978667
178922997752086055
57989525606587936278
40862723554448978867
86387488000184380945
9656820193963108184
73257153375964408666
48336639745603416243
25916826817827383753
31383507950888496595
2009291345849409679
55407514914179163415
68590656536619757834
59071360592789511920
89147516626622066106
92939728282053162493
73736373231444340567
96215111286227059777
11450829350470477662
47054738410510429388
53125312057028477467
72143441554872653338
31454335096872553663
20123700247034358491
72555842633326917148
41576189453542733277
20422031850919089135
73336459607954480486
53133925095725868695
12442123703125566000
69215281768446912537
39742852027955330990
52224912630831431363
56458871539774374482
59689826932725966692
88705166077076889080
33566596322362480366
21459634368670202317
34179881272809099985
31356923257177041308
90661024526581758497
32931848160985740713
53142290645821388018
78981318917218658962
3926547138949929002
47576231016692925618
85344197053685327976
75155777380435964527
70863860244527846031
19973831629969794115
18062572823542052665
45089052500282440363
84955705950821756080
32936300755435295848
54848092623662276410
11439923653729068989
13389334547097820011
95918842443791029323
1298617904178353890
99887041568254250914
14665405817881419380
47674611289876966359
3074719652963790657
76055286835747159221
27538693055244385484
95747777467096744734
35843371169064802363
66843250652061548443
89467236575208186843
40716330050232996195
97383821141642261409
75451709817824816977
76574655136138499
13948237460459522257
57503961714856223975
54055920023951404602
15319851129312801767
63702253431102217068
93117908181356579868
23197101881949289605
24746616637680483473
70531286708720685106
5808489149650211245
55570179383099832764
25360997832768938166
62072680978026306211
60838604906315508584
70177125380980713052
53518352015223206726
36938455607960129663
75196700178933748091
93830318552446409906
96034143604679083541
4127371285113662924
41255325771102524507
68810859772588437759
19909565706785123073
36466091227329033876
36451744869867486075
59692554902083903785
53054604168845233077
12887609354375854722
2912534257225720057
78268801456721888796
29922857298939292540
38685173718168676180
70050166830224181654
62863568793322663423
30416852718817221619
94510153880719451987
49244182459577173179
23933341561475525014
54895073104594578277
13088024712868621517
58256798050632924385
91890723657662275028
75418798234033756850
25171687646931576338
58353509831014553026
55006102934502048322
81618110226654586384
99321580851030821170
15367086747879731030
14144791809481574400
32892281923221715013
13269866020509070281
16149952620278695888
20305327919870641863
46975905043660455176
55757916028114272880
90620114878490020248
16443030594999833477
22096698019670719224
1930990606947907500
51546673974437039383
45993219637478414310
59952735691910646748
92460560427249040505
76692235898815346996
58145704488501992675
85128244314247136289
48131561937663778413
9467191731747436494
33477575859466746214
16997745779471234927
46866172040683677203
22164836112049776772
18472387149673221732
11989188933633579043
73163364973199227777
35906321338328788903
8330309420050526811
64503896041968354670
58814745539591925697
79303734021411396256
79494051695519768130
24066877551161356312
76174265407773506548
12086839594910167385
88272776684745406780
64703282536953699904
70774567284344436858
14193003080403435250
50475364771217766632
53224704004219158823
445389563894040303
18170704218982304982
32519492337886494343
34328721874463850085
63871522662419757242
71727858597646014220
9086963403119982307
81963896161904531034
92643215820430266339
13038138853761939557
65261512510685204472
18341373482943305831
49489310695993911965
92912648062158461492
35167905125648102479
93560598707927303863
9937957240564274049
38567620720966316135
61712690573123397497
50286709911715315165
44033143879827838654
33033270314714803637
76144496886945454027
38651094289638317863
83248958590199124254
70184306556153403459
67814917613997642735
62545073639621048074
71234903857923516564
6595508577723270148
3530694552107539196
26090082075407626692
77306886525601085674
83483900967435451993
72380203764365127181
41181799564844684328
46493631701996101728
82022819355857346805
98258473583162215472
50595009536994135039
98843729406484580034
20040098109611567637
80819703734194559949
56772269402528163755
34544389771283372681
3303366062809700653
72115851271427473404
89719012312206713727
79096922506364046387
78887269476475347959
75778027420957190136
90407364164194817521
69730048419646691100
96707431587435085339
69786910980471830653
1507422305650129576
49107311113530228007
63735054833867403128
37890953336608065322
51178431795077153390
52119228193327396580
5862717794261187922
60164915750967236105
18713509212365312450
85693269062388712286
67354872167491698852
62042188719847996871
65205347887786465427
61198510967280543733
95585051800777662419
20677622445703304680
20643202582862171783
15555180259934151452
86076292180283250971
73029045383526151365
18893783864172210099
41710058597916060328
53229682786242201677
14770687127316719550
85574217285131129343
19694607256709507306
57528321919191363779
4221911235004994945
33759808681346610143
21752894536948095959
26657207381337922046
38018605868423285521
42893674783099620975
351306489031250568
26899745347196463040
83962213645723354144
819939303598412275
14639032171238299660
64959703821901275251
33403930979863800825
48066983095579048960
59440912230285800951
85242041056363968308
75638633706283836452
69729795633678991690
52641171892193184112
83719164341440381796
47670837834305458661
22238298594166751244
17850476481489481880
52211444526654929559
53961952503406013277
37882906944032640334
19978063559325592052
70811520813490858347
44180321054860095162
43472036210774956233
8341714296787755469
51109447642242464574
28762179225533343284
24959336841655353141
23528527252560039571
20956577154459292048
12070057653445486793
24406776644813195143
37356946285539882734
24909873975385158549
86024081408296664625
31282898595234843430
15443572865022457583
44999685432099789309
73653997015615764803
63051472507049724447
36565999300489635925
99406439696403076610
36516495958102735147
82033423392852413957
98807020292667814245
38080598932162478746
2523434223959584299
56500744968218982780
92250631818639611057
39652330411307356461
4470128921502041669
82509264495002693082
37278043635619783842
44447803786488941456
58539989797083138349
59559733680231666896
54457928981671907193
55171415482191196910
11975709496173531762
59089736990373827346
70386579026299550769
44405229543656107532
6703062617363361110
53328742465954172459
11950834551697097175
11391681298765364756
5078187278725721920
67407898206052973271
6628381166914647127
47764388834489651423
90145080018155233211
19446744599640812153
98557854129170642460
73170801367423106843
44737517027651278935
28229547966882430932
27226965477321208746
23153496097135980924
36180991265284550143
92773000834068300928
90661986592474845752
11511289304179022885
58444654215795603304
29045062495441840906
16423649371967037711
92114787091012275644
5148528146060484325
92458822827732723925
36085560449972102677
76764210023993275287
73012800260714961831
83892626032796118883
84136605817141635808
96479672255968641641
99536115652435745801
43117226319978634383
38733176707780080736
2267658616265568289
52816030321377724698
17534237052614987588
24266777515293381182
53700807579697978966
26415820428382904377
50694083331959007772
69056467269962684314
60849713915999520780
6306874496812653007
73863728452526794783
90459265506018667624
32212856776576920559
45125591192824785723
89749374349916300240
38262334506117639431
99003669868939179162
85999675035482932251
71551550470051589420
65550833940856130833
62305851049487499061
23745427373088592188
23229243509070355898
68831671263517800784
62252633075366500428
44829169540050447396
95114949117276656427
58657108090762410379
35635811992209211251
81822784826358755476
7808900154273369160
54880923760711218013
60530865933737718382
74317141106280676698
25215915531391654160
60652422784586879901
56582391515643384089
15716241313157377353
86225523652211398580
62206408539980634689
82832324343281035160
90688978312709402930
50214691919491963812
19967172388553505671
26263961371178505114
43680256290913505246
63984179387885242441
92406478295275596728
45899679812334216779
22472827978571668812
86924898457483678896
99791295118271332932
7955822321783009780
84749071539952375646
88414752551684983670
94294712019759768076
49416769566682901979
86224518320273816191
12523814277053222012